650 179 1996
286 46 1996
286 287 1996
733 78 1997
733 47 1997
733 353 1997
286 58 1997
124 43 1997
124 83 1997
443 416 1997
180 86 1999
180 182 1999
38 183 1999
38 53 1999
38 20 1999
184 16 1999
184 168 1999
184 169 1999
185 57 1999
185 186 1999
9 2 1999
9 427 1999
433 191 1999
460 29 1999
674 253 1999
674 86 1999
153 2 1999
676 125 1999
187 20 1999
187 49 1999
187 731 1999
124 43 1999
1019 83 1999
47 232 1999
47 78 1999
47 233 1999
450 207 1999
219 221 2000
106 2 2000
106 222 2000
425 51 2000
425 426 2000
425 94 2000
568 569 2000
568 390 2000
570 121 2000
448 604 2000
670 109 2000
670 669 2000
670 668 2000
697 46 2000
697 20 2000
697 179 2000
391 677 2000
391 43 2000
698 117 2000
377 699 2000
377 700 2000
244 2 2000
121 571 2000
121 423 2000
147 746 2000
708 930 2000
368 353 2000
86 87 2000
86 767 2000
86 1034 2000
622 641 2000
622 1077 2000
266 7 2000
266 25 2000
557 558 2000
557 46 2000
83 285 2000
189 191 2001
42 43 2001
42 394 2001
42 395 2001
484 29 2001
484 86 2001
484 485 2001
713 20 2001
2 377 2001
9 2 2001
9 13 2001
9 10 2001
772 58 2001
772 283 2001
616 26 2001
23 147 2001
834 220 2001
834 70 2001
879 2 2001
880 20 2001
880 53 2001
885 36 2001
885 886 2001
47 13 2001
198 340 2001
975 78 2001
10 43 2001
10 216 2001
10 309 2001
66 2 2001
66 501 2001
66 391 2001
168 7 2001
804 569 2001
310 51 2001
148 1109 2001
92 93 2002
322 324 2002
356 357 2002
624 270 2002
148 753 2002
514 754 2002
514 2 2002
78 342 2002
9 51 2002
717 78 2002
717 253 2002
398 71 2002
398 20 2002
398 53 2002
53 844 2002
53 20 2002
53 60 2002
533 633 2002
533 702 2002
885 20 2002
600 90 2002
77 78 2003
79 80 2003
79 81 2003
119 120 2003
119 57 2003
121 122 2003
422 423 2003
422 155 2003
424 78 2003
424 233 2003
38 53 2003
38 20 2003
601 36 2003
601 503 2003
601 619 2003
648 270 2003
648 108 2003
648 649 2003
62 63 2003
62 46 2003
660 43 2003
356 357 2003
356 358 2003
356 256 2003
356 33 2003
356 2 2003
48 694 2003
48 49 2003
48 695 2003
84 696 2003
84 632 2003
84 75 2003
84 267 2003
359 78 2003
415 168 2003
415 169 2003
525 78 2003
125 9 2003
726 770 2003
726 36 2003
93 253 2003
93 249 2003
153 2 2003
32 494 2003
32 42 2003
92 2 2003
293 48 2003
850 86 2003
850 561 2003
129 33 2003
129 51 2003
571 121 2003
571 570 2003
955 2 2003
982 29 2003
982 168 2003
982 18 2003
355 43 2003
355 166 2003
313 983 2003
313 984 2003
313 312 2003
995 1013 2003
995 337 2003
377 467 2003
377 43 2003
24 242 2003
24 26 2003
111 38 2003
920 253 2003
424 78 2003
424 731 2003
824 416 2003
1032 179 2003
450 233 2003
93 49 2003
93 26 2003
93 2 2003
47 51 2003
1039 1040 2003
1039 53 2003
841 193 2003
841 194 2003
841 1060 2003
147 108 2003
147 1061 2003
124 43 2003
124 125 2003
377 43 2003
377 12 2003
198 82 2003
352 353 2003
352 175 2003
158 160 2004
158 2 2004
26 161 2004
26 162 2004
26 163 2004
27 28 2004
27 29 2004
164 165 2004
164 166 2004
164 49 2004
205 90 2004
205 206 2004
207 49 2004
224 20 2004
224 35 2004
93 49 2004
250 29 2004
250 168 2004
250 251 2004
252 253 2004
252 86 2004
252 223 2004
342 343 2004
26 104 2004
26 386 2004
26 49 2004
387 83 2004
387 388 2004
61 389 2004
444 290 2004
444 445 2004
444 57 2004
475 46 2004
7 168 2004
7 364 2004
121 130 2004
200 53 2004
200 517 2004
200 518 2004
392 519 2004
392 121 2004
520 49 2004
520 2 2004
520 147 2004
196 46 2004
196 193 2004
196 414 2004
196 194 2004
121 544 2004
121 155 2004
23 2 2004
421 53 2004
421 20 2004
210 49 2004
210 554 2004
210 520 2004
210 147 2004
620 24 2004
621 622 2004
621 53 2004
190 53 2004
190 20 2004
190 60 2004
38 20 2004
38 53 2004
38 633 2004
520 49 2004
520 423 2004
520 348 2004
668 109 2004
47 352 2004
47 51 2004
671 672 2004
671 253 2004
566 38 2004
196 193 2004
196 93 2004
196 194 2004
641 622 2004
641 53 2004
2 51 2004
2 580 2004
359 327 2004
359 231 2004
126 2 2004
778 13 2004
778 147 2004
642 43 2004
701 2 2004
701 103 2004
880 35 2004
413 53 2004
413 20 2004
2 503 2004
2 881 2004
882 253 2004
882 86 2004
26 24 2004
46 197 2004
296 46 2004
296 47 2004
296 219 2004
359 78 2004
359 327 2004
90 691 2004
566 20 2004
566 118 2004
566 915 2004
608 46 2004
608 609 2004
13 32 2004
659 348 2004
659 978 2004
659 914 2004
6 207 2004
172 26 2004
172 124 2004
172 586 2004
172 170 2004
162 494 2004
162 738 2004
835 43 2004
203 130 2004
203 2 2004
578 49 2004
578 93 2004
578 2 2004
407 253 2004
429 431 2004
429 1024 2004
218 78 2004
1055 1058 2004
1055 2 2004
214 47 2004
214 113 2004
1060 1078 2004
2 24 2004
2 64 2004
2 84 2004
2 9 2004
2 96 2004
83 51 2004
1048 47 2004
1048 220 2004
320 46 2004
804 43 2004
421 1097 2004
421 20 2004
421 60 2004
53 258 2004
1098 29 2004
1098 1099 2004
491 331 2004
233 49 2004
233 450 2004
86 87 2005
173 13 2005
173 51 2005
173 174 2005
227 228 2005
227 20 2005
229 20 2005
307 77 2005
307 124 2005
308 51 2005
10 216 2005
10 309 2005
70 46 2005
20 320 2005
20 61 2005
20 321 2005
217 265 2005
337 338 2005
337 253 2005
349 254 2005
349 121 2005
349 350 2005
367 368 2005
164 49 2005
369 7 2005
369 370 2005
369 371 2005
372 24 2005
419 364 2005
420 53 2005
420 60 2005
42 471 2005
42 472 2005
391 96 2005
50 83 2005
404 16 2005
404 405 2005
2 51 2005
286 58 2005
506 308 2005
506 36 2005
507 43 2005
507 93 2005
507 434 2005
163 2 2005
163 9 2005
163 108 2005
508 121 2005
508 509 2005
387 83 2005
387 205 2005
20 111 2005
581 121 2005
189 190 2005
189 191 2005
601 36 2005
58 603 2005
9 332 2005
9 24 2005
9 2 2005
448 411 2005
626 78 2005
626 627 2005
626 327 2005
42 43 2005
470 638 2005
646 78 2005
574 680 2005
681 46 2005
681 682 2005
2 605 2005
2 9 2005
580 51 2005
52 53 2005
173 2 2005
26 43 2005
26 83 2005
229 724 2005
138 2 2005
138 176 2005
200 53 2005
200 641 2005
200 20 2005
200 60 2005
725 90 2005
179 641 2005
179 71 2005
179 53 2005
726 36 2005
726 602 2005
96 427 2005
96 84 2005
96 9 2005
321 220 2005
321 20 2005
321 179 2005
20 257 2005
20 16 2005
121 51 2005
759 121 2005
759 132 2005
227 46 2005
227 20 2005
227 499 2005
388 49 2005
234 49 2005
234 96 2005
234 2 2005
845 506 2005
845 846 2005
845 308 2005
2 130 2005
388 49 2005
270 860 2005
270 9 2005
270 82 2005
391 861 2005
391 43 2005
29 871 2005
872 36 2005
872 873 2005
883 109 2005
883 53 2005
884 83 2005
884 147 2005
49 578 2005
49 93 2005
377 93 2005
835 43 2005
835 494 2005
506 308 2005
506 36 2005
642 896 2005
921 922 2005
868 43 2005
868 288 2005
578 49 2005
578 784 2005
578 2 2005
411 948 2005
411 51 2005
253 674 2005
253 671 2005
253 86 2005
949 650 2005
949 53 2005
949 190 2005
949 420 2005
70 46 2005
70 310 2005
28 219 2005
962 20 2005
962 38 2005
600 13 2005
377 378 2005
377 379 2005
66 967 2005
66 2 2005
66 968 2005
66 969 2005
923 108 2005
520 341 2005
219 500 2005
108 2 2005
108 13 2005
985 2 2005
650 53 2005
650 190 2005
650 179 2005
128 474 2005
128 2 2005
128 374 2005
274 220 2005
274 179 2005
274 20 2005
1009 1016 2005
675 90 2005
675 377 2005
675 99 2005
2 955 2005
920 168 2005
223 7 2005
223 28 2005
520 49 2005
520 207 2005
276 2 2005
1041 584 2005
1041 84 2005
239 267 2005
863 1046 2005
218 525 2005
577 348 2005
377 572 2005
86 88 2005
86 181 2005
352 353 2005
352 1054 2005
605 2 2005
605 606 2005
882 253 2005
882 86 2005
400 36 2005
400 62 2005
1068 20 2005
1068 36 2005
1068 175 2005
1069 32 2005
1069 43 2005
47 1070 2005
47 296 2005
781 9 2005
781 2 2005
781 1086 2005
133 548 2005
82 83 2006
82 84 2006
82 85 2006
133 53 2006
133 109 2006
133 20 2006
200 20 2006
200 202 2006
131 132 2006
131 121 2006
203 90 2006
203 2 2006
270 2 2006
270 163 2006
270 271 2006
414 194 2006
414 415 2006
342 416 2006
434 437 2006
434 438 2006
434 26 2006
434 43 2006
411 425 2006
411 51 2006
195 464 2006
475 20 2006
475 53 2006
23 147 2006
51 74 2006
51 497 2006
327 498 2006
70 46 2006
70 20 2006
561 219 2006
561 30 2006
561 562 2006
153 33 2006
153 594 2006
533 2 2006
675 90 2006
675 2 2006
650 53 2006
650 179 2006
43 51 2006
676 677 2006
676 83 2006
726 727 2006
233 49 2006
233 728 2006
415 168 2006
415 169 2006
196 46 2006
196 193 2006
247 90 2006
247 237 2006
247 743 2006
254 255 2006
254 51 2006
407 253 2006
377 606 2006
377 43 2006
776 47 2006
384 461 2006
384 2 2006
580 51 2006
16 171 2006
16 219 2006
16 86 2006
83 285 2006
475 47 2006
124 43 2006
124 99 2006
124 555 2006
164 840 2006
164 49 2006
277 278 2006
277 46 2006
109 53 2006
109 421 2006
800 43 2006
800 425 2006
800 411 2006
270 2 2006
868 494 2006
20 19 2006
88 86 2006
88 877 2006
88 878 2006
26 64 2006
26 84 2006
26 2 2006
461 2 2006
461 33 2006
86 364 2006
904 49 2006
90 344 2006
90 906 2006
92 93 2006
708 20 2006
844 60 2006
844 420 2006
520 147 2006
835 363 2006
520 423 2006
45 728 2006
45 46 2006
45 47 2006
220 47 2006
220 1048 2006
220 1049 2006
179 20 2006
581 121 2006
581 468 2006
624 9 2006
624 82 2006
83 240 2006
642 26 2006
642 43 2006
642 434 2006
83 93 2006
83 49 2006
83 434 2006
196 46 2006
196 79 2006
3 2 2007
3 4 2007
3 5 2007
6 7 2007
6 8 2007
9 10 2007
167 7 2007
167 168 2007
167 169 2007
138 176 2007
138 2 2007
177 178 2007
177 179 2007
177 53 2007
180 181 2007
2 13 2007
53 178 2007
53 295 2007
46 20 2007
46 47 2007
296 46 2007
47 466 2007
377 384 2007
377 467 2007
377 43 2007
90 51 2007
273 90 2007
424 47 2007
424 2 2007
257 521 2007
23 24 2007
20 566 2007
20 38 2007
113 84 2007
113 567 2007
113 166 2007
568 2 2007
131 392 2007
283 58 2007
283 46 2007
283 166 2007
154 121 2007
154 155 2007
615 104 2007
615 467 2007
124 43 2007
454 15 2007
629 276 2007
629 2 2007
630 16 2007
630 86 2007
630 631 2007
291 29 2007
624 673 2007
147 148 2007
147 551 2007
685 2 2007
698 310 2007
214 722 2007
402 2 2007
402 607 2007
45 46 2007
45 723 2007
229 20 2007
147 108 2007
293 90 2007
464 516 2007
464 51 2007
762 46 2007
91 90 2007
91 51 2007
42 494 2007
764 53 2007
764 20 2007
664 49 2007
664 233 2007
664 765 2007
780 29 2007
780 364 2007
780 671 2007
717 46 2007
153 33 2007
153 108 2007
216 96 2007
800 43 2007
73 801 2007
73 53 2007
818 253 2007
818 25 2007
12 2 2007
12 842 2007
12 14 2007
843 29 2007
73 220 2007
73 53 2007
411 51 2007
411 615 2007
29 869 2007
29 870 2007
470 638 2007
75 51 2007
75 2 2007
96 216 2007
96 43 2007
359 233 2007
141 916 2007
609 49 2007
609 494 2007
57 55 2007
597 20 2007
597 227 2007
909 908 2007
909 464 2007
909 51 2007
600 963 2007
216 311 2007
248 7 2007
248 974 2007
198 2 2007
470 928 2007
325 2 2007
26 124 2007
47 704 2007
47 78 2007
47 51 2007
200 737 2007
221 46 2007
221 47 2007
221 219 2007
888 49 2007
888 2 2007
888 427 2007
961 20 2007
961 146 2007
555 2 2007
555 707 2007
490 147 2007
95 83 2007
95 96 2007
1074 58 2007
66 2 2007
389 179 2007
389 220 2007
389 20 2007
249 93 2007
249 25 2007
196 193 2007
11 126 2007
133 53 2007
133 190 2007
9 11 2008
12 2 2008
12 13 2008
75 2 2008
75 76 2008
77 46 2008
134 58 2008
199 2 2008
200 53 2008
200 201 2008
207 208 2008
207 58 2008
209 210 2008
47 353 2008
297 220 2008
297 47 2008
376 2 2008
376 24 2008
377 378 2008
404 16 2008
342 417 2008
418 53 2008
45 46 2008
45 47 2008
419 7 2008
419 168 2008
175 36 2008
32 43 2008
32 442 2008
36 443 2008
36 416 2008
444 56 2008
273 344 2008
273 468 2008
213 401 2008
481 482 2008
515 464 2008
515 195 2008
515 516 2008
469 13 2008
469 470 2008
424 49 2008
522 253 2008
522 168 2008
523 83 2008
523 524 2008
523 108 2008
147 148 2008
147 49 2008
63 310 2008
63 20 2008
63 62 2008
23 9 2008
377 545 2008
377 378 2008
547 548 2008
549 201 2008
549 220 2008
555 2 2008
555 25 2008
555 402 2008
415 7 2008
415 168 2008
415 169 2008
26 48 2008
26 49 2008
211 212 2008
424 49 2008
424 2 2008
557 558 2008
310 74 2008
310 49 2008
511 610 2008
183 178 2008
183 38 2008
93 49 2008
624 9 2008
624 82 2008
428 9 2008
428 2 2008
625 220 2008
625 310 2008
16 404 2008
16 405 2008
2 13 2008
2 9 2008
60 53 2008
254 51 2008
254 256 2008
624 2 2008
244 9 2008
103 2 2008
103 203 2008
103 701 2008
517 220 2008
517 401 2008
566 536 2008
566 708 2008
201 46 2008
201 20 2008
138 16 2008
138 404 2008
201 46 2008
201 20 2008
90 335 2008
13 43 2008
13 470 2008
13 96 2008
424 49 2008
424 47 2008
418 53 2008
316 147 2008
316 43 2008
578 2 2008
48 90 2008
48 293 2008
813 249 2008
813 25 2008
813 415 2008
814 16 2008
814 86 2008
416 342 2008
816 470 2008
818 253 2008
818 25 2008
233 49 2008
233 38 2008
622 641 2008
92 2 2008
92 93 2008
821 503 2008
821 51 2008
355 43 2008
355 59 2008
33 43 2008
427 2 2008
427 25 2008
427 9 2008
828 36 2008
828 429 2008
828 619 2008
36 416 2008
36 342 2008
475 46 2008
309 857 2008
309 858 2008
309 859 2008
96 216 2008
96 458 2008
404 405 2008
588 49 2008
588 899 2008
900 901 2008
900 352 2008
900 46 2008
26 49 2008
26 434 2008
141 53 2008
517 220 2008
517 200 2008
955 108 2008
955 270 2008
955 715 2008
956 43 2008
956 804 2008
434 957 2008
434 26 2008
434 435 2008
209 43 2008
701 2 2008
36 416 2008
36 443 2008
167 169 2008
198 368 2008
198 2 2008
965 914 2008
965 253 2008
520 49 2008
31 2 2008
31 388 2008
31 33 2008
20 582 2008
20 973 2008
20 314 2008
12 2 2008
12 14 2008
219 46 2008
219 47 2008
219 78 2008
890 53 2008
890 987 2008
675 607 2008
662 108 2008
662 999 2008
941 83 2008
710 47 2008
26 93 2008
26 216 2008
321 20 2008
321 475 2008
321 70 2008
792 233 2008
792 187 2008
1032 20 2008
863 2 2008
424 49 2008
424 2 2008
339 43 2008
339 340 2008
342 842 2008
342 78 2008
342 78 2008
548 20 2008
548 826 2008
42 43 2008
1067 78 2008
1067 331 2008
490 26 2008
47 46 2008
47 51 2008
557 558 2008
557 46 2008
557 1090 2008
1 2 2009
12 14 2009
15 16 2009
15 17 2009
68 69 2009
68 70 2009
38 20 2009
38 53 2009
38 71 2009
38 72 2009
28 109 2009
28 110 2009
111 20 2009
111 35 2009
112 113 2009
112 74 2009
112 49 2009
114 115 2009
114 116 2009
114 117 2009
123 7 2009
123 86 2009
82 9 2009
179 53 2009
11 90 2009
11 126 2009
66 293 2009
2 294 2009
2 9 2009
305 57 2009
307 78 2009
307 36 2009
151 2 2009
214 311 2009
214 43 2009
214 315 2009
316 96 2009
316 43 2009
325 2 2009
326 16 2009
326 168 2009
327 328 2009
329 210 2009
329 51 2009
19 20 2009
19 60 2009
19 321 2009
427 9 2009
427 428 2009
429 36 2009
20 51 2009
47 352 2009
47 51 2009
446 90 2009
416 36 2009
416 46 2009
448 90 2009
448 43 2009
311 47 2009
460 168 2009
460 169 2009
52 461 2009
195 465 2009
530 20 2009
530 38 2009
221 46 2009
221 47 2009
221 219 2009
325 2 2009
552 220 2009
552 47 2009
552 306 2009
114 117 2009
114 118 2009
47 352 2009
564 401 2009
90 565 2009
90 48 2009
90 501 2009
90 491 2009
90 51 2009
448 43 2009
223 7 2009
223 86 2009
223 16 2009
223 94 2009
605 2 2009
605 606 2009
113 84 2009
113 607 2009
525 78 2009
525 424 2009
608 46 2009
608 25 2009
608 609 2009
511 26 2009
597 20 2009
597 548 2009
45 46 2009
45 47 2009
615 49 2009
174 623 2009
174 49 2009
624 2 2009
645 355 2009
645 42 2009
520 49 2009
520 207 2009
520 423 2009
646 327 2009
651 340 2009
651 83 2009
432 253 2009
645 214 2009
433 652 2009
433 53 2009
634 653 2009
634 36 2009
654 58 2009
655 656 2009
657 7 2009
16 521 2009
191 53 2009
191 20 2009
191 38 2009
390 703 2009
175 138 2009
175 36 2009
415 49 2009
415 193 2009
415 93 2009
352 709 2009
341 93 2009
341 26 2009
577 7 2009
577 348 2009
298 53 2009
37 596 2009
37 20 2009
353 352 2009
353 78 2009
628 327 2009
628 231 2009
415 7 2009
196 93 2009
196 194 2009
738 90 2009
738 739 2009
738 487 2009
738 294 2009
216 84 2009
358 2 2009
358 356 2009
358 256 2009
358 33 2009
358 745 2009
26 268 2009
26 124 2009
171 559 2009
606 49 2009
606 605 2009
780 415 2009
781 2 2009
781 662 2009
90 49 2009
351 66 2009
325 13 2009
791 220 2009
791 401 2009
68 53 2009
68 20 2009
68 60 2009
32 43 2009
806 7 2009
806 16 2009
416 787 2009
815 90 2009
816 817 2009
828 634 2009
829 121 2009
829 32 2009
829 830 2009
831 470 2009
831 638 2009
23 214 2009
12 14 2009
124 743 2009
124 32 2009
853 58 2009
853 854 2009
853 855 2009
377 125 2009
377 606 2009
419 7 2009
419 168 2009
419 415 2009
507 43 2009
507 83 2009
507 124 2009
533 2 2009
888 49 2009
655 494 2009
609 93 2009
152 2 2009
152 32 2009
606 49 2009
606 605 2009
606 93 2009
424 49 2009
424 47 2009
424 2 2009
216 96 2009
216 458 2009
21 9 2009
920 253 2009
920 207 2009
50 411 2009
141 53 2009
926 7 2009
926 847 2009
926 86 2009
879 2 2009
470 927 2009
507 43 2009
507 93 2009
209 210 2009
543 36 2009
543 653 2009
36 310 2009
52 53 2009
228 20 2009
228 764 2009
151 150 2009
151 2 2009
863 959 2009
675 2 2009
200 53 2009
200 60 2009
36 175 2009
36 824 2009
518 101 2009
200 53 2009
124 43 2009
93 49 2009
662 96 2009
662 997 2009
662 998 2009
24 243 2009
1019 1020 2009
111 20 2009
111 566 2009
276 66 2009
94 46 2009
94 47 2009
157 121 2009
132 121 2009
1 2 2009
367 368 2009
429 1047 2009
429 36 2009
559 16 2009
559 207 2009
200 641 2009
200 53 2009
200 202 2009
841 93 2009
90 51 2009
83 51 2009
46 1060 2009
219 46 2009
219 47 2009
219 12 2009
377 699 2009
84 785 2009
84 2 2009
796 169 2009
876 207 2009
93 501 2009
252 7 2009
252 253 2009
15 18 2010
19 20 2010
21 2 2010
21 9 2010
21 22 2010
23 2 2010
124 43 2010
124 125 2010
126 46 2010
94 46 2010
94 47 2010
43 83 2010
43 130 2010
131 121 2010
131 132 2010
134 135 2010
134 99 2010
83 136 2010
83 137 2010
138 2 2010
139 121 2010
139 140 2010
141 53 2010
223 7 2010
223 86 2010
223 16 2010
223 94 2010
213 51 2010
240 241 2010
24 26 2010
24 242 2010
24 243 2010
244 2 2010
244 9 2010
263 264 2010
78 217 2010
78 265 2010
266 7 2010
266 25 2010
58 267 2010
268 26 2010
268 124 2010
141 53 2010
92 2 2010
92 93 2010
269 83 2010
269 93 2010
356 357 2010
356 358 2010
356 256 2010
356 33 2010
356 2 2010
359 83 2010
355 42 2010
365 83 2010
365 366 2010
365 166 2010
367 78 2010
367 233 2010
7 27 2010
433 53 2010
433 190 2010
433 46 2010
50 51 2010
33 129 2010
33 2 2010
83 51 2010
360 46 2010
406 486 2010
406 49 2010
488 93 2010
489 83 2010
489 490 2010
220 20 2010
220 321 2010
293 501 2010
293 502 2010
293 49 2010
293 503 2010
128 210 2010
128 2 2010
128 374 2010
53 504 2010
53 259 2010
53 258 2010
2 505 2010
510 16 2010
510 219 2010
511 26 2010
511 93 2010
511 512 2010
511 513 2010
69 20 2010
69 60 2010
69 46 2010
68 53 2010
138 2 2010
138 176 2010
563 78 2010
161 43 2010
161 162 2010
161 590 2010
87 86 2010
87 591 2010
10 216 2010
124 7 2010
124 147 2010
26 439 2010
26 9 2010
616 26 2010
617 7 2010
617 86 2010
617 618 2010
454 16 2010
628 78 2010
628 327 2010
628 233 2010
628 187 2010
37 20 2010
37 63 2010
494 43 2010
494 470 2010
634 36 2010
634 429 2010
634 570 2010
635 36 2010
639 60 2010
639 38 2010
179 640 2010
660 32 2010
660 470 2010
329 501 2010
685 533 2010
685 475 2010
90 35 2010
90 51 2010
90 686 2010
286 46 2010
286 287 2010
650 53 2010
650 190 2010
717 35 2010
717 78 2010
717 46 2010
138 16 2010
138 404 2010
718 220 2010
66 2 2010
385 43 2010
214 43 2010
362 293 2010
362 2 2010
714 7 2010
310 51 2010
489 83 2010
489 366 2010
398 20 2010
398 53 2010
641 622 2010
7 207 2010
231 78 2010
231 20 2010
231 233 2010
231 187 2010
281 26 2010
281 282 2010
124 33 2010
124 311 2010
179 20 2010
179 71 2010
126 46 2010
351 43 2010
789 253 2010
789 86 2010
780 29 2010
780 169 2010
780 168 2010
38 190 2010
38 53 2010
38 20 2010
9 2 2010
707 9 2010
707 24 2010
707 427 2010
112 49 2010
112 113 2010
112 74 2010
548 826 2010
93 49 2010
93 377 2010
138 2 2010
138 341 2010
377 545 2010
377 378 2010
32 43 2010
835 612 2010
124 43 2010
124 555 2010
904 48 2010
847 16 2010
847 86 2010
847 219 2010
348 659 2010
348 59 2010
24 26 2010
24 242 2010
24 243 2010
655 83 2010
359 231 2010
791 220 2010
791 401 2010
191 53 2010
191 20 2010
325 2 2010
325 790 2010
325 26 2010
608 25 2010
608 93 2010
26 43 2010
109 668 2010
918 51 2010
918 9 2010
470 928 2010
929 43 2010
929 32 2010
401 310 2010
401 36 2010
401 46 2010
952 78 2010
952 353 2010
416 953 2010
53 954 2010
53 60 2010
53 375 2010
33 43 2010
271 2 2010
271 9 2010
12 966 2010
12 2 2010
12 14 2010
291 29 2010
291 86 2010
20 980 2010
20 375 2010
20 321 2010
988 989 2010
988 150 2010
2 270 2010
2 108 2010
2 1017 2010
51 567 2010
51 1018 2010
298 53 2010
298 46 2010
433 53 2010
433 46 2010
429 1025 2010
429 431 2010
429 36 2010
124 43 2010
1029 43 2010
1029 51 2010
168 214 2010
70 20 2010
561 58 2010
561 219 2010
561 850 2010
561 18 2010
20 230 2010
20 166 2010
132 121 2010
132 131 2010
555 311 2010
555 340 2010
307 78 2010
307 265 2010
884 83 2010
884 124 2010
54 57 2011
58 59 2011
60 19 2011
60 61 2011
60 20 2011
62 63 2011
86 88 2011
86 89 2011
90 91 2011
90 51 2011
71 51 2011
92 2 2011
99 101 2011
99 102 2011
103 104 2011
103 2 2011
103 105 2011
103 106 2011
173 2 2011
138 175 2011
138 36 2011
193 194 2011
193 195 2011
193 196 2011
193 197 2011
198 51 2011
198 2 2011
301 58 2011
301 86 2011
302 46 2011
302 71 2011
303 20 2011
303 304 2011
294 2 2011
294 9 2011
305 56 2011
305 306 2011
70 310 2011
311 43 2011
311 84 2011
312 313 2011
314 20 2011
151 150 2011
86 87 2011
86 88 2011
86 317 2011
318 2 2011
318 66 2011
20 319 2011
345 346 2011
345 56 2011
345 57 2011
345 347 2011
16 348 2011
16 275 2011
360 361 2011
360 46 2011
362 293 2011
414 193 2011
451 29 2011
451 453 2011
15 16 2011
15 454 2011
216 96 2011
52 53 2011
90 462 2011
90 463 2011
356 358 2011
356 33 2011
356 2 2011
514 51 2011
514 33 2011
514 2 2011
46 475 2011
46 20 2011
46 70 2011
563 424 2011
65 67 2011
65 66 2011
65 51 2011
494 43 2011
564 36 2011
321 179 2011
97 2 2011
97 96 2011
61 389 2011
61 53 2011
61 46 2011
706 2 2011
706 707 2011
706 24 2011
668 109 2011
109 53 2011
109 133 2011
32 138 2011
335 90 2011
148 147 2011
388 49 2011
388 32 2011
388 205 2011
726 602 2011
726 771 2011
51 592 2011
264 121 2011
264 263 2011
90 48 2011
90 293 2011
48 90 2011
48 501 2011
48 293 2011
121 807 2011
121 51 2011
377 808 2011
809 290 2011
809 55 2011
809 57 2011
641 760 2011
626 78 2011
626 812 2011
806 7 2011
806 16 2011
813 49 2011
92 93 2011
33 129 2011
33 2 2011
838 198 2011
109 670 2011
109 526 2011
568 2 2011
568 751 2011
568 390 2011
223 86 2011
93 341 2011
93 501 2011
193 194 2011
193 841 2011
193 195 2011
852 226 2011
852 216 2011
470 638 2011
121 154 2011
121 156 2011
711 46 2011
711 47 2011
711 712 2011
327 328 2011
47 352 2011
47 887 2011
47 51 2011
183 20 2011
183 38 2011
890 53 2011
918 271 2011
202 200 2011
202 641 2011
202 36 2011
202 201 2011
92 2 2011
941 942 2011
941 83 2011
337 253 2011
28 18 2011
283 58 2011
434 438 2011
434 437 2011
434 43 2011
898 121 2011
898 155 2011
33 129 2011
33 2 2011
108 981 2011
684 2 2011
684 33 2011
988 7 2011
225 759 2011
225 49 2011
701 990 2011
701 2 2011
518 46 2011
240 9 2011
240 32 2011
240 43 2011
240 991 2011
992 276 2011
1007 49 2011
1007 1008 2011
1007 1010 2011
162 43 2011
162 868 2011
129 33 2011
129 2 2011
129 749 2011
129 1022 2011
710 46 2011
710 563 2011
824 175 2011
147 96 2011
147 49 2011
1053 904 2011
1055 1056 2011
1055 1057 2011
147 96 2011
593 16 2011
593 86 2011
1062 83 2011
1062 9 2011
1063 1064 2011
1063 90 2011
697 46 2011
697 20 2011
7 16 2011
7 275 2011
166 20 2011
247 42 2011
247 90 2011
388 83 2011
447 47 2011
42 43 2011
42 355 2011
1073 613 2011
1073 49 2011
1074 267 2011
83 93 2011
522 253 2011
522 30 2011
33 2 2011
1087 1088 2011
1087 101 2011
108 2 2011
108 13 2011
108 494 2011
267 993 2011
267 497 2011
94 46 2011
1089 90 2011
1089 247 2011
355 43 2011
355 175 2011
355 257 2011
355 434 2011
132 392 2011
168 207 2011
168 7 2011
95 83 2011
95 96 2011
95 1100 2011
876 7 2011
876 16 2011
319 1102 2011
319 321 2011
1103 464 2011
1103 1104 2011
1103 51 2011
198 51 2011
198 2 2011
162 43 2011
162 494 2011
162 868 2011
45 46 2012
45 47 2012
35 48 2012
62 46 2012
62 64 2012
65 66 2012
65 67 2012
65 51 2012
68 53 2012
144 146 2012
144 46 2012
147 148 2012
147 49 2012
149 150 2012
149 7 2012
152 2 2012
240 124 2012
129 51 2012
381 382 2012
383 16 2012
383 168 2012
383 377 2012
384 1 2012
384 2 2012
151 150 2012
151 2 2012
151 483 2012
168 7 2012
168 28 2012
35 93 2012
35 495 2012
23 43 2012
23 496 2012
301 86 2012
427 2 2012
427 9 2012
529 2 2012
529 90 2012
530 20 2012
530 38 2012
530 60 2012
531 267 2012
511 26 2012
32 43 2012
32 556 2012
211 90 2012
211 155 2012
175 36 2012
175 138 2012
307 424 2012
307 368 2012
432 168 2012
351 210 2012
351 43 2012
645 43 2012
645 633 2012
520 7 2012
75 83 2012
75 84 2012
61 20 2012
713 641 2012
714 7 2012
135 26 2012
138 43 2012
544 121 2012
544 155 2012
544 260 2012
37 265 2012
729 58 2012
729 205 2012
730 78 2012
730 650 2012
730 731 2012
148 147 2012
86 89 2012
133 53 2012
133 20 2012
549 201 2012
549 220 2012
418 257 2012
641 760 2012
342 416 2012
211 90 2012
211 155 2012
211 212 2012
294 9 2012
294 2 2012
294 656 2012
575 46 2012
575 20 2012
47 219 2012
47 327 2012
47 187 2012
257 2 2012
220 46 2012
220 7 2012
60 53 2012
60 20 2012
60 68 2012
60 70 2012
417 342 2012
417 416 2012
417 787 2012
60 788 2012
60 341 2012
60 53 2012
60 20 2012
655 656 2012
800 26 2012
121 805 2012
121 51 2012
511 26 2012
511 93 2012
121 503 2012
93 26 2012
701 827 2012
288 2 2012
288 9 2012
168 419 2012
536 49 2012
536 20 2012
536 38 2012
362 2 2012
362 848 2012
42 43 2012
42 355 2012
27 28 2012
27 647 2012
27 327 2012
27 78 2012
647 327 2012
647 78 2012
377 851 2012
377 379 2012
68 53 2012
68 20 2012
68 70 2012
852 503 2012
377 43 2012
22 2 2012
22 9 2012
22 427 2012
73 178 2012
872 874 2012
872 875 2012
470 760 2012
642 26 2012
642 434 2012
185 57 2012
563 78 2012
563 233 2012
43 902 2012
903 51 2012
903 210 2012
549 201 2012
549 220 2012
113 567 2012
388 83 2012
388 214 2012
850 16 2012
708 931 2012
213 401 2012
213 51 2012
764 109 2012
764 53 2012
822 49 2012
822 233 2012
844 53 2012
886 547 2012
26 386 2012
26 958 2012
26 49 2012
580 51 2012
580 2 2012
11 2 2012
11 126 2012
869 739 2012
13 33 2012
13 147 2012
16 15 2012
16 86 2012
985 986 2012
872 1014 2012
872 1015 2012
872 873 2012
872 36 2012
671 253 2012
671 168 2012
671 207 2012
1007 1009 2012
163 53 2012
163 20 2012
163 60 2012
1050 220 2012
1050 20 2012
342 334 2012
342 1052 2012
577 7 2012
86 301 2012
600 13 2012
600 90 2012
956 43 2012
956 96 2012
956 391 2012
70 53 2012
70 499 2012
86 87 2012
216 10 2012
216 43 2012
738 90 2012
738 487 2012
738 59 2012
738 294 2012
738 741 2012
738 1059 2012
106 717 2012
106 2 2012
16 1065 2012
70 46 2012
70 60 2012
70 310 2012
26 501 2012
1076 2 2012
298 73 2012
298 416 2012
298 46 2012
83 51 2012
1081 9 2012
20 36 2012
133 20 2012
20 37 2013
73 53 2013
73 74 2013
114 118 2013
9 128 2013
129 33 2013
129 51 2013
129 28 2013
79 81 2013
79 80 2013
248 16 2013
249 93 2013
249 25 2013
272 121 2013
272 273 2013
189 190 2013
189 191 2013
189 53 2013
274 220 2013
277 278 2013
277 279 2013
71 280 2013
71 51 2013
26 281 2013
26 282 2013
330 83 2013
330 331 2013
332 9 2013
332 333 2013
332 334 2013
335 90 2013
138 2 2013
138 336 2013
217 78 2013
342 117 2013
344 90 2013
344 273 2013
61 53 2013
390 391 2013
390 43 2013
392 121 2013
392 132 2013
392 393 2013
439 26 2013
439 9 2013
440 20 2013
440 38 2013
441 51 2013
9 428 2013
390 391 2013
390 43 2013
129 33 2013
129 51 2013
129 28 2013
175 138 2013
213 51 2013
288 2 2013
288 9 2013
469 13 2013
469 470 2013
42 43 2013
101 406 2013
487 90 2013
68 60 2013
68 20 2013
250 29 2013
250 168 2013
250 27 2013
196 25 2013
141 53 2013
141 532 2013
138 533 2013
138 534 2013
138 535 2013
138 2 2013
553 547 2013
553 20 2013
421 60 2013
34 84 2013
189 53 2013
416 136 2013
598 599 2013
598 29 2013
38 643 2013
644 29 2013
644 169 2013
644 168 2013
645 43 2013
329 51 2013
9 661 2013
9 662 2013
9 663 2013
233 49 2013
233 664 2013
33 129 2013
33 455 2013
33 26 2013
33 2 2013
684 2 2013
286 46 2013
286 287 2013
94 63 2013
94 20 2013
94 46 2013
391 43 2013
26 121 2013
26 49 2013
704 7 2013
704 207 2013
92 2 2013
92 93 2013
92 705 2013
391 147 2013
391 13 2013
148 732 2013
196 46 2013
196 79 2013
325 755 2013
325 2 2013
202 200 2013
202 36 2013
202 641 2013
425 756 2013
606 93 2013
86 758 2013
86 181 2013
418 20 2013
359 233 2013
359 766 2013
86 88 2013
86 767 2013
768 416 2013
768 769 2013
499 777 2013
499 70 2013
443 36 2013
48 51 2013
84 785 2013
470 43 2013
401 314 2013
401 20 2013
401 46 2013
123 7 2013
123 86 2013
506 308 2013
53 420 2013
725 365 2013
725 90 2013
725 117 2013
717 78 2013
717 46 2013
232 47 2013
232 78 2013
232 233 2013
232 792 2013
470 760 2013
216 43 2013
185 897 2013
147 26 2013
147 108 2013
147 210 2013
262 121 2013
262 155 2013
262 898 2013
548 49 2013
548 20 2013
735 124 2013
86 87 2013
86 917 2013
109 670 2013
109 669 2013
208 58 2013
208 207 2013
325 2 2013
932 934 2013
932 935 2013
932 936 2013
841 93 2013
841 25 2013
291 219 2013
801 940 2013
801 53 2013
707 2 2013
707 24 2013
707 9 2013
286 58 2013
886 20 2013
886 179 2013
923 970 2013
520 49 2013
520 207 2013
52 971 2013
52 53 2013
33 2 2013
121 51 2013
124 83 2013
124 153 2013
996 46 2013
996 277 2013
288 2 2013
288 9 2013
119 1000 2013
119 57 2013
119 1001 2013
311 125 2013
311 43 2013
9 163 2013
575 46 2013
575 20 2013
575 63 2013
9 332 2013
9 514 2013
995 29 2013
600 13 2013
600 90 2013
600 124 2013
135 26 2013
135 134 2013
1009 49 2013
1009 1007 2013
1009 1008 2013
1009 1010 2013
216 43 2013
311 46 2013
311 810 2013
228 20 2013
228 764 2013
801 53 2013
407 252 2013
407 239 2013
407 86 2013
167 7 2013
167 168 2013
47 352 2013
1053 48 2013
1053 49 2013
69 49 2013
70 46 2013
70 20 2013
33 129 2013
33 90 2013
33 2 2013
388 387 2013
388 205 2013
391 66 2013
391 43 2013
214 43 2013
1079 58 2013
1079 86 2013
624 2 2013
163 108 2013
163 270 2013
459 20 2013
459 418 2013
459 1080 2013
196 93 2013
196 194 2013
671 253 2013
671 168 2013
671 16 2013
20 230 2013
20 166 2013
20 36 2013
1101 53 2013
53 258 2013
555 2 2013
319 20 2013
23 24 2014
23 9 2014
7 25 2014
7 26 2014
27 28 2014
27 29 2014
35 49 2014
50 43 2014
50 51 2014
52 53 2014
54 55 2014
54 56 2014
152 153 2014
154 121 2014
154 155 2014
154 156 2014
121 157 2014
158 159 2014
92 2 2014
92 93 2014
205 83 2014
234 2 2014
234 235 2014
236 2 2014
236 237 2014
238 29 2014
238 86 2014
238 239 2014
238 18 2014
240 83 2014
398 53 2014
398 399 2014
400 36 2014
320 46 2014
320 227 2014
427 2 2014
432 253 2014
432 168 2014
197 7 2014
197 16 2014
433 220 2014
433 71 2014
433 53 2014
416 74 2014
434 435 2014
434 436 2014
233 78 2014
233 450 2014
451 452 2014
487 212 2014
488 25 2014
488 197 2014
461 2 2014
461 33 2014
7 419 2014
487 573 2014
131 121 2014
131 132 2014
154 574 2014
520 7 2014
34 75 2014
79 81 2014
351 595 2014
351 43 2014
596 597 2014
596 20 2014
416 74 2014
600 13 2014
600 90 2014
601 602 2014
291 86 2014
291 219 2014
257 7 2014
257 207 2014
257 2 2014
494 43 2014
494 470 2014
639 53 2014
520 84 2014
467 377 2014
467 503 2014
467 615 2014
655 83 2014
655 494 2014
45 46 2014
45 47 2014
687 688 2014
687 470 2014
687 689 2014
376 2 2014
690 2 2014
690 108 2014
90 691 2014
90 692 2014
391 43 2014
219 46 2014
219 47 2014
219 500 2014
78 217 2014
78 307 2014
285 83 2014
285 51 2014
2 587 2014
2 147 2014
124 2 2014
293 267 2014
293 90 2014
293 773 2014
121 503 2014
121 51 2014
407 86 2014
407 239 2014
260 121 2014
260 261 2014
260 262 2014
47 776 2014
216 43 2014
257 7 2014
257 207 2014
795 53 2014
795 20 2014
184 16 2014
184 168 2014
184 169 2014
184 796 2014
580 2 2014
52 53 2014
16 170 2014
32 556 2014
175 138 2014
811 121 2014
811 124 2014
83 51 2014
501 49 2014
236 2 2014
555 2 2014
555 124 2014
641 622 2014
321 20 2014
321 227 2014
109 220 2014
109 46 2014
2 48 2014
2 66 2014
856 118 2014
856 13 2014
309 470 2014
309 235 2014
29 250 2014
29 168 2014
184 16 2014
184 168 2014
293 773 2014
293 49 2014
96 226 2014
876 7 2014
876 672 2014
876 207 2014
197 7 2014
197 806 2014
655 656 2014
659 49 2014
659 348 2014
631 16 2014
631 914 2014
254 255 2014
254 51 2014
254 256 2014
128 210 2014
128 2 2014
128 374 2014
735 43 2014
368 77 2014
932 933 2014
932 20 2014
950 951 2014
950 43 2014
580 51 2014
168 7 2014
168 253 2014
325 2 2014
342 979 2014
342 78 2014
342 117 2014
407 253 2014
407 86 2014
830 78 2014
830 47 2014
830 353 2014
216 43 2014
85 83 2014
85 32 2014
85 675 2014
12 377 2014
210 520 2014
506 308 2014
506 36 2014
383 16 2014
383 169 2014
383 377 2014
83 1021 2014
311 43 2014
311 124 2014
26 43 2014
429 1023 2014
429 1024 2014
47 187 2014
801 787 2014
801 73 2014
47 352 2014
47 51 2014
226 49 2014
226 1066 2014
1081 43 2014
1081 2 2014
1081 25 2014
781 662 2014
781 26 2014
377 93 2014
845 401 2014
845 308 2014
845 36 2014
219 220 2014
219 47 2014
219 221 2014
138 2 2014
491 90 2014
491 501 2014
491 492 2014
162 1106 2014
441 51 2014
996 46 2014
142 143 2015
142 46 2015
144 145 2015
203 204 2015
24 83 2015
24 93 2015
214 215 2015
214 216 2015
217 78 2015
217 218 2015
219 220 2015
219 47 2015
289 290 2015
289 55 2015
289 291 2015
289 292 2015
66 2 2015
66 49 2015
90 42 2015
411 51 2015
411 90 2015
150 7 2015
150 331 2015
150 491 2015
150 492 2015
493 20 2015
493 227 2015
493 60 2015
32 43 2015
32 494 2015
32 42 2015
329 66 2015
329 51 2015
166 20 2015
166 230 2015
349 254 2015
349 121 2015
53 258 2015
650 53 2015
149 150 2015
149 2 2015
149 151 2015
213 51 2015
129 33 2015
129 51 2015
548 20 2015
548 60 2015
634 36 2015
634 737 2015
634 429 2015
628 78 2015
42 43 2015
82 83 2015
82 84 2015
747 748 2015
747 749 2015
747 750 2015
456 29 2015
456 169 2015
455 752 2015
455 2 2015
32 2 2015
32 216 2015
211 446 2015
124 43 2015
124 83 2015
124 125 2015
293 51 2015
293 761 2015
514 51 2015
514 2 2015
121 51 2015
138 2 2015
138 441 2015
774 220 2015
774 733 2015
108 775 2015
261 121 2015
179 53 2015
33 129 2015
33 2 2015
33 206 2015
377 125 2015
298 73 2015
298 782 2015
298 46 2015
616 511 2015
616 108 2015
616 783 2015
578 49 2015
578 784 2015
470 494 2015
391 677 2015
391 43 2015
234 786 2015
234 235 2015
831 832 2015
43 51 2015
96 43 2015
96 833 2015
96 34 2015
23 43 2015
835 43 2015
835 494 2015
836 168 2015
123 7 2015
123 86 2015
78 187 2015
78 233 2015
837 46 2015
837 310 2015
270 2 2015
270 9 2015
270 427 2015
838 2 2015
388 32 2015
388 675 2015
12 2 2015
849 86 2015
849 16 2015
849 850 2015
470 638 2015
470 760 2015
862 78 2015
21 427 2015
21 2 2015
388 83 2015
388 33 2015
388 35 2015
919 220 2015
764 20 2015
676 43 2015
676 83 2015
7 926 2015
7 86 2015
7 849 2015
7 847 2015
946 86 2015
946 138 2015
946 27 2015
946 947 2015
946 223 2015
341 495 2015
341 93 2015
606 49 2015
606 93 2015
97 2 2015
97 96 2015
97 95 2015
214 43 2015
214 397 2015
69 49 2015
69 20 2015
69 53 2015
214 168 2015
214 216 2015
214 43 2015
731 78 2015
731 162 2015
863 960 2015
863 866 2015
863 2 2015
961 20 2015
961 146 2015
962 220 2015
995 29 2015
995 169 2015
524 83 2015
524 523 2015
524 108 2015
200 101 2015
121 570 2015
121 571 2015
93 26 2015
656 494 2015
656 294 2015
213 51 2015
383 16 2015
383 377 2015
83 240 2015
1033 121 2015
1033 32 2015
921 83 2015
1042 96 2015
1042 1044 2015
676 677 2015
201 785 2015
201 520 2015
377 378 2015
42 645 2015
428 9 2015
428 2 2015
108 147 2015
108 377 2015
108 64 2015
108 210 2015
1071 46 2015
1071 20 2015
1071 38 2015
1071 915 2015
179 53 2015
1095 43 2015
660 43 2015
660 32 2015
660 470 2015
129 78 2015
57 56 2015
57 55 2015
57 1096 2015
421 53 2015
421 949 2015
31 2 2016
31 32 2016
31 33 2016
34 35 2016
34 36 2016
37 20 2016
126 127 2016
126 11 2016
9 2 2016
149 151 2016
209 43 2016
211 90 2016
211 155 2016
211 212 2016
213 51 2016
214 43 2016
229 230 2016
78 231 2016
78 232 2016
78 233 2016
78 187 2016
234 49 2016
274 179 2016
274 20 2016
275 16 2016
276 50 2016
276 2 2016
277 46 2016
300 20 2016
300 53 2016
129 33 2016
121 51 2016
129 26 2016
129 51 2016
322 66 2016
322 323 2016
322 2 2016
339 43 2016
339 340 2016
2 21 2016
2 9 2016
2 22 2016
2 13 2016
200 53 2016
200 20 2016
200 341 2016
342 78 2016
46 327 2016
46 375 2016
46 70 2016
46 51 2016
86 252 2016
86 239 2016
168 49 2016
168 257 2016
385 43 2016
385 124 2016
175 138 2016
175 36 2016
396 26 2016
396 108 2016
397 43 2016
397 391 2016
404 405 2016
175 36 2016
175 38 2016
429 430 2016
429 431 2016
447 46 2016
447 47 2016
448 411 2016
311 46 2016
381 2 2016
381 449 2016
216 455 2016
216 43 2016
456 29 2016
456 169 2016
457 50 2016
457 83 2016
457 458 2016
20 459 2016
20 418 2016
20 314 2016
121 110 2016
121 51 2016
476 16 2016
476 168 2016
477 478 2016
477 479 2016
477 480 2016
477 53 2016
481 2 2016
481 9 2016
427 22 2016
9 2 2016
9 126 2016
526 527 2016
526 528 2016
526 109 2016
27 28 2016
27 29 2016
269 83 2016
269 546 2016
547 20 2016
547 303 2016
570 571 2016
377 572 2016
487 90 2016
582 20 2016
582 314 2016
582 63 2016
582 46 2016
583 66 2016
583 2 2016
254 51 2016
588 49 2016
588 474 2016
588 589 2016
321 220 2016
321 20 2016
235 309 2016
235 612 2016
613 43 2016
613 176 2016
614 416 2016
24 2 2016
24 270 2016
24 9 2016
114 117 2016
114 118 2016
676 678 2016
220 679 2016
90 273 2016
351 693 2016
351 43 2016
179 53 2016
179 20 2016
179 60 2016
342 78 2016
342 580 2016
342 117 2016
113 43 2016
113 166 2016
247 12 2016
550 155 2016
711 46 2016
711 47 2016
711 307 2016
711 712 2016
713 53 2016
719 290 2016
719 56 2016
719 720 2016
719 57 2016
721 257 2016
721 169 2016
57 292 2016
66 351 2016
66 48 2016
525 763 2016
42 43 2016
575 63 2016
125 332 2016
656 43 2016
656 494 2016
656 655 2016
657 7 2016
657 138 2016
499 329 2016
793 16 2016
793 86 2016
793 794 2016
538 118 2016
298 416 2016
298 46 2016
675 802 2016
675 2 2016
201 46 2016
671 253 2016
189 190 2016
189 53 2016
889 63 2016
889 20 2016
183 53 2016
50 51 2016
85 83 2016
85 675 2016
85 82 2016
921 83 2016
921 93 2016
351 43 2016
99 24 2016
99 943 2016
99 101 2016
189 190 2016
216 84 2016
66 964 2016
66 2 2016
167 7 2016
167 168 2016
835 43 2016
835 42 2016
835 355 2016
835 470 2016
213 78 2016
213 401 2016
213 972 2016
198 51 2016
198 2 2016
198 82 2016
291 2 2016
83 401 2016
83 51 2016
574 36 2016
574 429 2016
574 619 2016
574 154 2016
36 443 2016
36 416 2016
74 416 2016
404 405 2016
314 189 2016
314 53 2016
314 1005 2016
1006 739 2016
1006 29 2016
1007 1008 2016
1007 1009 2016
1007 49 2016
1007 1010 2016
1011 53 2016
1011 109 2016
1011 166 2016
461 66 2016
461 584 2016
461 2 2016
588 49 2016
588 899 2016
854 7 2016
854 1012 2016
1028 43 2016
216 1029 2016
216 26 2016
377 699 2016
203 612 2016
168 207 2016
113 10 2016
113 84 2016
355 390 2016
440 20 2016
440 38 2016
440 466 2016
2 51 2016
2 580 2016
2 503 2016
2 43 2016
2 51 2016
33 2 2016
33 43 2016
1060 253 2016
1060 46 2016
1060 550 2016
996 1107 2016
996 1108 2016
804 43 2016
35 93 2017
35 49 2017
45 46 2017
45 47 2017
107 26 2017
107 108 2017
179 71 2017
244 245 2017
244 246 2017
90 211 2017
90 155 2017
90 247 2017
248 7 2017
66 351 2017
66 96 2017
66 2 2017
47 46 2017
47 220 2017
47 352 2017
297 219 2017
354 43 2017
354 96 2017
354 210 2017
114 117 2017
114 118 2017
355 43 2017
355 84 2017
190 53 2017
190 20 2017
377 379 2017
380 46 2017
381 43 2017
400 401 2017
7 30 2017
7 348 2017
175 138 2017
101 406 2017
101 49 2017
407 253 2017
407 408 2017
409 49 2017
411 51 2017
177 53 2017
177 413 2017
37 20 2017
414 49 2017
414 93 2017
420 20 2017
420 421 2017
422 51 2017
195 51 2017
47 296 2017
47 221 2017
391 147 2017
391 43 2017
473 78 2017
473 49 2017
424 49 2017
424 47 2017
424 2 2017
128 2 2017
128 474 2017
128 374 2017
78 525 2017
78 424 2017
78 231 2017
273 90 2017
273 344 2017
301 58 2017
550 551 2017
550 2 2017
239 58 2017
47 51 2017
443 36 2017
443 416 2017
583 584 2017
129 2 2017
129 585 2017
129 586 2017
129 587 2017
234 49 2017
234 96 2017
234 2 2017
254 255 2017
254 256 2017
10 309 2017
51 592 2017
329 351 2017
620 310 2017
635 84 2017
635 636 2017
42 637 2017
179 71 2017
179 641 2017
642 26 2017
642 43 2017
38 53 2017
38 175 2017
16 658 2017
659 348 2017
659 2 2017
659 138 2017
659 59 2017
173 51 2017
668 669 2017
668 670 2017
220 375 2017
220 20 2017
220 53 2017
20 53 2017
20 63 2017
549 201 2017
549 220 2017
574 36 2017
574 423 2017
26 434 2017
683 2 2017
128 325 2017
128 2 2017
128 374 2017
216 43 2017
415 194 2017
415 25 2017
93 26 2017
93 49 2017
93 33 2017
566 20 2017
135 93 2017
124 715 2017
124 33 2017
124 2 2017
124 716 2017
124 673 2017
721 86 2017
57 56 2017
57 55 2017
359 327 2017
359 231 2017
359 647 2017
738 740 2017
738 741 2017
227 46 2017
747 57 2017
390 751 2017
390 43 2017
415 7 2017
23 2 2017
23 24 2017
23 9 2017
121 680 2017
121 574 2017
90 335 2017
368 78 2017
368 77 2017
2 96 2017
234 2 2017
168 49 2017
168 253 2017
83 51 2017
216 226 2017
216 503 2017
90 51 2017
90 2 2017
310 416 2017
310 51 2017
402 96 2017
402 12 2017
506 36 2017
327 498 2017
47 792 2017
47 78 2017
47 233 2017
47 232 2017
489 83 2017
489 366 2017
362 293 2017
362 2 2017
493 20 2017
493 227 2017
593 799 2017
593 672 2017
593 86 2017
655 83 2017
655 494 2017
470 638 2017
470 760 2017
311 47 2017
311 46 2017
311 810 2017
175 36 2017
847 219 2017
847 239 2017
321 46 2017
355 42 2017
863 864 2017
863 865 2017
888 428 2017
888 2 2017
121 51 2017
293 51 2017
293 761 2017
293 502 2017
293 49 2017
293 48 2017
24 83 2017
24 93 2017
377 43 2017
377 12 2017
342 782 2017
563 78 2017
563 710 2017
563 368 2017
680 121 2017
680 653 2017
680 423 2017
26 503 2017
26 49 2017
868 923 2017
314 20 2017
314 63 2017
7 542 2017
7 219 2017
7 169 2017
108 2 2017
108 924 2017
680 121 2017
680 423 2017
680 574 2017
621 641 2017
621 53 2017
141 925 2017
141 916 2017
731 187 2017
580 43 2017
580 579 2017
47 51 2017
47 352 2017
47 13 2017
443 36 2017
443 416 2017
216 96 2017
216 43 2017
57 56 2017
64 427 2017
64 2 2017
701 503 2017
701 881 2017
923 2 2017
923 648 2017
147 49 2017
147 148 2017
174 541 2017
174 49 2017
174 540 2017
210 49 2017
992 2 2017
62 993 2017
62 36 2017
796 348 2017
615 411 2017
420 60 2017
420 53 2017
420 1003 2017
1004 29 2017
404 16 2017
124 26 2017
124 2 2017
234 96 2017
234 49 2017
234 2 2017
671 253 2017
671 168 2017
671 207 2017
124 411 2017
124 43 2017
124 434 2017
1026 108 2017
1026 998 2017
900 352 2017
900 46 2017
470 760 2017
32 43 2017
32 470 2017
32 216 2017
173 2 2017
173 1030 2017
1031 121 2017
1031 759 2017
792 47 2017
792 78 2017
863 866 2017
46 93 2017
47 352 2017
47 704 2017
20 227 2017
20 19 2017
447 46 2017
249 586 2017
1062 83 2017
1062 9 2017
390 43 2017
26 24 2017
26 49 2017
138 2 2017
138 470 2017
533 138 2017
533 2 2017
57 55 2017
33 129 2017
588 49 2017
588 474 2017
588 589 2017
1071 46 2017
1071 20 2017
1071 38 2017
11 2 2017
108 2 2017
108 690 2017
108 648 2017
108 798 2017
66 2 2017
66 1092 2017
66 1093 2017
155 1083 2017
155 1085 2017
155 1084 2017
155 1094 2017
155 90 2017
268 26 2017
268 124 2017
1095 90 2017
129 51 2017
762 46 2017
854 7 2017
854 714 2017
854 657 2017
213 51 2017
1105 201 2017
1105 220 2017
311 125 2017
311 43 2017
524 83 2017
524 108 2017
524 523 2017
37 38 2018
39 40 2018
39 41 2018
39 29 2018
42 43 2018
42 44 2018
95 83 2018
95 96 2018
95 97 2018
98 46 2018
42 43 2018
99 100 2018
187 78 2018
187 188 2018
189 190 2018
189 53 2018
32 43 2018
32 192 2018
93 26 2018
93 2 2018
58 59 2018
225 226 2018
225 49 2018
227 46 2018
53 258 2018
53 259 2018
260 121 2018
260 261 2018
260 262 2018
263 58 2018
286 46 2018
286 287 2018
84 75 2018
84 267 2018
288 2 2018
288 9 2018
296 47 2018
296 297 2018
10 43 2018
10 2 2018
10 126 2018
298 53 2018
298 46 2018
299 78 2018
249 93 2018
249 25 2018
362 2 2018
57 56 2018
57 290 2018
57 305 2018
57 363 2018
121 51 2018
364 29 2018
364 168 2018
364 169 2018
355 43 2018
372 84 2018
372 373 2018
128 325 2018
128 2 2018
128 374 2018
46 20 2018
46 53 2018
46 78 2018
46 60 2018
402 2 2018
402 403 2018
402 96 2018
409 410 2018
411 90 2018
411 412 2018
70 499 2018
70 310 2018
220 500 2018
543 267 2018
543 36 2018
329 43 2018
593 16 2018
593 86 2018
79 80 2018
79 594 2018
183 191 2018
183 53 2018
307 78 2018
60 20 2018
632 84 2018
632 56 2018
646 359 2018
646 647 2018
286 46 2018
286 287 2018
286 108 2018
648 2 2018
517 47 2018
702 50 2018
702 83 2018
702 2 2018
390 43 2018
391 390 2018
391 96 2018
391 13 2018
247 90 2018
247 51 2018
78 424 2018
78 218 2018
195 464 2018
195 51 2018
124 600 2018
734 43 2018
90 51 2018
424 2 2018
152 2 2018
152 153 2018
668 669 2018
668 670 2018
7 35 2018
642 93 2018
642 434 2018
138 2 2018
402 2 2018
325 2 2018
325 790 2018
216 43 2018
424 49 2018
424 47 2018
424 2 2018
116 117 2018
116 118 2018
797 348 2018
797 659 2018
48 49 2018
327 498 2018
339 43 2018
368 78 2018
368 77 2018
493 798 2018
201 321 2018
201 803 2018
804 633 2018
804 26 2018
804 43 2018
622 819 2018
820 46 2018
635 36 2018
635 636 2018
707 2 2018
227 46 2018
227 20 2018
413 321 2018
413 825 2018
413 20 2018
413 46 2018
388 49 2018
388 675 2018
388 32 2018
548 20 2018
594 51 2018
594 32 2018
47 13 2018
47 352 2018
47 839 2018
47 51 2018
277 279 2018
377 545 2018
377 378 2018
223 7 2018
223 94 2018
223 16 2018
845 36 2018
111 20 2018
111 38 2018
847 16 2018
863 866 2018
863 867 2018
863 2 2018
868 43 2018
868 162 2018
828 36 2018
828 891 2018
828 892 2018
893 894 2018
893 895 2018
893 43 2018
893 757 2018
47 887 2018
47 46 2018
293 773 2018
814 16 2018
814 86 2018
25 13 2018
25 352 2018
409 49 2018
409 410 2018
409 732 2018
360 46 2018
26 129 2018
26 43 2018
26 434 2018
418 20 2018
418 53 2018
404 16 2018
113 84 2018
835 470 2018
835 43 2018
566 20 2018
566 118 2018
86 87 2018
86 88 2018
86 907 2018
908 909 2018
908 464 2018
908 51 2018
342 416 2018
342 910 2018
659 28 2018
240 43 2018
240 124 2018
240 911 2018
33 129 2018
33 455 2018
33 26 2018
33 2 2018
142 912 2018
142 46 2018
517 220 2018
46 608 2018
46 79 2018
46 25 2018
135 26 2018
913 53 2018
913 60 2018
913 420 2018
49 340 2018
49 391 2018
332 348 2018
332 7 2018
368 78 2018
53 258 2018
53 937 2018
362 2 2018
82 9 2018
82 84 2018
938 46 2018
938 939 2018
291 29 2018
291 86 2018
337 168 2018
337 18 2018
351 96 2018
189 53 2018
434 944 2018
434 436 2018
434 945 2018
434 437 2018
434 26 2018
434 43 2018
28 7 2018
283 46 2018
950 96 2018
950 9 2018
271 51 2018
20 38 2018
20 53 2018
20 413 2018
20 72 2018
975 731 2018
446 90 2018
976 310 2018
976 977 2018
198 2 2018
198 368 2018
869 29 2018
9 998 2018
9 2 2018
622 641 2018
622 819 2018
353 352 2018
1002 7 2018
1002 348 2018
148 551 2018
148 147 2018
615 49 2018
223 257 2018
223 86 2018
656 43 2018
26 13 2018
26 2 2018
1027 53 2018
1027 20 2018
1027 60 2018
1027 421 2018
713 53 2018
713 20 2018
713 38 2018
321 46 2018
676 83 2018
676 125 2018
676 26 2018
12 2 2018
12 14 2018
311 43 2018
311 64 2018
58 51 2018
47 352 2018
47 560 2018
863 1045 2018
424 47 2018
367 78 2018
367 77 2018
121 90 2018
121 51 2018
355 43 2018
200 53 2018
200 641 2018
200 1051 2018
200 341 2018
342 117 2018
166 230 2018
166 257 2018
16 15 2018
581 273 2018
20 1072 2018
20 375 2018
1081 494 2018
28 219 2018
28 16 2018
28 18 2018
391 43 2018
2 13 2018
2 607 2018
2 99 2018
320 1082 2018
50 51 2018
155 1083 2018
155 1084 2018
155 550 2018
155 1085 2018
155 90 2018
51 9 2018
51 33 2018
254 1091 2018
254 256 2018
254 51 2018
533 2 2018
796 348 2018
796 168 2018
27 30 2019
92 13 2019
94 46 2019
94 62 2019
24 2 2019
24 83 2019
170 9 2019
170 171 2019
170 172 2019
254 255 2019
254 51 2019
254 256 2019
257 179 2019
257 2 2019
257 7 2019
283 58 2019
283 284 2019
283 46 2019
83 285 2019
83 51 2019
536 20 2019
536 537 2019
253 520 2019
253 257 2019
538 118 2019
538 117 2019
538 539 2019
365 83 2019
365 366 2019
174 540 2019
174 49 2019
174 541 2019
542 7 2019
542 86 2019
542 238 2019
424 47 2019
557 46 2019
559 16 2019
559 207 2019
559 560 2019
561 58 2019
34 36 2019
575 46 2019
575 20 2019
576 503 2019
576 2 2019
7 577 2019
7 348 2019
52 53 2019
271 9 2019
271 51 2019
578 49 2019
578 2 2019
43 579 2019
43 2 2019
43 580 2019
93 495 2019
93 377 2019
75 2 2019
75 84 2019
235 470 2019
235 611 2019
665 90 2019
665 666 2019
665 581 2019
667 220 2019
667 201 2019
173 2 2019
671 7 2019
671 659 2019
93 49 2019
93 83 2019
93 26 2019
254 255 2019
298 46 2019
24 242 2019
24 26 2019
24 243 2019
348 659 2019
348 59 2019
710 46 2019
710 47 2019
151 150 2019
151 2 2019
550 90 2019
550 51 2019
550 7 2019
735 43 2019
735 10 2019
736 78 2019
736 424 2019
736 368 2019
227 20 2019
742 125 2019
742 743 2019
742 84 2019
742 744 2019
310 71 2019
425 2 2019
310 51 2019
75 216 2019
75 2 2019
33 2 2019
33 757 2019
84 550 2019
84 372 2019
171 16 2019
171 86 2019
776 219 2019
776 327 2019
776 779 2019
233 49 2019
233 822 2019
823 46 2019
823 327 2019
823 231 2019
824 416 2019
824 175 2019
94 46 2019
94 62 2019
416 342 2019
416 130 2019
286 58 2019
200 53 2019
200 201 2019
200 202 2019
200 641 2019
362 2 2019
153 2 2019
153 32 2019
153 124 2019
275 16 2019
286 46 2019
286 257 2019
286 287 2019
849 29 2019
355 43 2019
124 25 2019
904 905 2019
796 168 2019
796 415 2019
481 2 2019
481 9 2019
994 58 2019
994 30 2019
555 2 2019
555 124 2019
121 157 2019
121 423 2019
53 295 2019
53 258 2019
6 7 2019
921 124 2019
921 93 2019
200 53 2019
200 641 2019
200 201 2019
36 195 2019
36 464 2019
36 51 2019
900 46 2019
1035 58 2019
1035 239 2019
1036 1037 2019
1036 78 2019
1036 1038 2019
132 131 2019
542 7 2019
1042 43 2019
1042 1043 2019
69 68 2019
69 53 2019
69 20 2019
843 29 2019
648 2 2019
648 427 2019
648 108 2019
427 2 2019
427 9 2019
427 22 2019
660 43 2019
660 32 2019
660 470 2019
684 2 2019
684 35 2019
66 351 2019
66 1075 2019
656 43 2019
656 494 2019
656 655 2019
838 2 2019
838 198 2019
324 66 2019
324 584 2019
324 2 2019
163 2 2019
